[KL_EXOPL]
# CO Ice
filter    = 'M-wide' 
echelle = 61.16
crossdisp = 36.94
norders   = 4
wrange1   = [5.29766,5.41114]
yrange1   = [1722,1925]
A1        = [5.30422598598895,5.304727596734289]
B1        = [5.2876113811591946e-05,5.176247753745803e-05]
C1        = [0.0007620846044080752e-06,0.0021808402797284126e-06]
R1        = [35000.0,35000.0]
wrange2   = [4.94681,5.05473]
yrange2   = [1112,1265]
A2        = [4.9527567386661,4.952812102354798]
B2        = [4.8600827697721596e-05,4.86306328116549e-05]
C2        = [0.001969550787002424e-06,0.0018995724866155421e-06]
R2        = [35000.0,35000.0]
wrange3   = [4.64091,4.74084]
yrange3   = [513,729]
A3        = [4.644928920996301,4.644800335728798]
B3        = [4.785399668482756e-05,4.792182053385169e-05]
C3        = [9.444409973346818e-011,0.00010399073813309281e-06]
R3        = [35000.0,35000.0]
wrange4   = [4.36894,4.46483]
yrange4   = [5,264]
A4        = [4.36,4.46]
B4        = [4.52221961338e-05,4.51547585738e-05]
C4        = [1.66603958265e-09,1.97342952327e-09]
R4        = [35000.0,35000.0]
