[KL_EXOPL]
filter    = 'M-wide'
echelle = 63.35
crossdisp = 37.19
norders   = 4
wrange1   = [5.40180,5.50908]
yrange1   = [1774,2007]
A1        = [5.4, 5.4]
B1        = [3.4e-05,3.4e-05]
C1        = [2.85226327712e-09,2.63672944802e-09]
R1        = [35000.0,35000.0]
wrange2   = [5.04486,5.14504]
yrange2   = [1145,1328]
A2        = [5.056820885428925,5.0570826114657885]
B2        = [4.604832741533892e-05,4.605270006458445e-05]
C2        = [0.0005686632588474939e-06,0.0005369962449664891e-06]
R2        = [35000.0,35000.0]
wrange3   = [4.73172,4.82564]
yrange3   = [562,767]
A3        = [4.7433083872550705,4.743393642693805]
B3        = [4.258225414736299e-05,4.252927375473866e-05]
C3        = [0.0012824991983407055e-06,0.0014804988160362093e-06]
R3        = [35000.0,35000.0]
wrange4   = [4.45514,4.54340]
yrange4   = [34,289]
A4        = [4.45,4.45]
B4        = [4.52221961338e-05,4.51547585738e-05]
C4        = [1.66603958265e-09,1.97342952327e-09]
R4        = [35000.0,35000.0]
